 loss val_loss
0 0.3773 0.4054
1 0.1539 0.4256
2 0.1416 0.4372
3 0.1369 0.2934
4 0.1333 0.1693
5 0.1308 0.1381
6 0.1291 0.1239
7 0.1279 0.1328
8 0.1267 0.1301
9 0.1263 0.1250
10 0.1249 0.1235
11 0.1238 0.1218
12 0.1207 0.1161
13 0.1187 0.1163
14 0.1165 0.1160
15 0.1153 0.1126
16 0.1144 0.1126
17 0.1135 0.1165
18 0.1154 0.1148
19 0.1141 0.1118
20 0.1138 0.1123
21 0.1127 0.1118
22 0.1127 0.1133
23 0.1127 0.1121
24 0.1119 0.1116
25 0.1120 0.1118
26 0.1114 0.1117
27 0.1113 0.1121
28 0.1114 0.1114
29 0.1115 0.1118
30 0.1121 0.1116
31 0.1118 0.1119
32 0.1111 0.1119
33 0.1109 0.1116
34 0.1111 0.1112
35 0.1117 0.1119
36 0.1110 0.1118
37 0.1108 0.1113
38 0.1108 0.1114
39 0.1110 0.1114
40 0.1109 0.1116
41 0.1106 0.1112
42 0.1104 0.1114
43 0.1104 0.1112
44 0.1103 0.1118
45 0.1107 0.1122
46 0.1106 0.1114
47 0.1108 0.1113
48 0.1103 0.1120
49 0.1104 0.1117
50 0.1103 0.1113
51 0.1104 0.1115
52 0.1100 0.1114
53 0.1099 0.1114
54 0.1101 0.1111
55 0.1102 0.1113
56 0.1101 0.1113
57 0.1098 0.1115
58 0.1103 0.1132
59 0.1104 0.1116
60 0.1102 0.1116
61 0.1105 0.1119
62 0.1108 0.1112
63 0.1103 0.1113
64 0.1101 0.1126
65 0.1100 0.1113
66 0.1095 0.1111
67 0.1102 0.1115
68 0.1098 0.1121
69 0.1099 0.1112
70 0.1098 0.1117
71 0.1095 0.1111
72 0.1095 0.1115
73 0.1094 0.1116
74 0.1096 0.1114
75 0.1094 0.1118
76 0.1098 0.1123
77 0.1095 0.1113
78 0.1094 0.1114
79 0.1096 0.1114
80 0.1097 0.1116
81 0.1092 0.1120
82 0.1094 0.1118
83 0.1101 0.1124
84 0.1097 0.1111
85 0.1099 0.1115
86 0.1094 0.1112
87 0.1095 0.1112
88 0.1096 0.1113
89 0.1092 0.1108
90 0.1093 0.1118
91 0.1093 0.1110
92 0.1090 0.1110
93 0.1090 0.1111
94 0.1092 0.1108
95 0.1095 0.1122
96 0.1095 0.1107
97 0.1093 0.1118
98 0.1092 0.1112
99 0.1091 0.1111
100 0.1091 0.1111
101 0.1099 0.1120
102 0.1093 0.1118
103 0.1099 0.1123
104 0.1100 0.1112
105 0.1102 0.1108
106 0.1096 0.1110
107 0.1092 0.1111
108 0.1089 0.1109
109 0.1088 0.1116
110 0.1090 0.1111
111 0.1092 0.1112
112 0.1094 0.1112
113 0.1091 0.1110
114 0.1089 0.1118
115 0.1087 0.1118
116 0.1088 0.1111
117 0.1087 0.1109
118 0.1091 0.1108
119 0.1089 0.1114
120 0.1090 0.1108
121 0.1092 0.1108
122 0.1085 0.1106
123 0.1086 0.1114
124 0.1081 0.1107
125 0.1090 0.1112
126 0.1089 0.1110
127 0.1088 0.1109
128 0.1084 0.1107
129 0.1083 0.1127
130 0.1103 0.1111
131 0.1095 0.1110
132 0.1093 0.1131
133 0.1181 0.1187
134 0.1165 0.2210
135 0.1238 0.1169
136 0.1138 0.1121
137 0.1118 0.1121
138 0.1111 0.1118
139 0.1109 0.1118
140 0.1108 0.1116
141 0.1106 0.1115
142 0.1103 0.1116
143 0.1101 0.1116
144 0.1101 0.1117
145 0.1098 0.1115
146 0.1103 0.1120
147 0.1101 0.1134
148 0.1103 0.1119
149 0.1098 0.1118
150 0.1098 0.1125
151 0.1099 0.1120
152 0.1099 0.1114
153 0.1095 0.1121
154 0.1097 0.1117
155 0.1099 0.1117
156 0.1102 0.1119
157 0.1096 0.1117
158 0.1100 0.1119
159 0.1098 0.1113
160 0.1093 0.1119
161 0.1090 0.1117
162 0.1083 0.1107
163 0.1086 0.1105
164 0.1084 0.1120
165 0.1088 0.1104
166 0.1085 0.1130
167 0.1091 0.1103
168 0.1092 0.1132
169 0.1109 0.1118
170 0.1104 0.1120
171 0.1096 0.1106
172 0.1094 0.1111
173 0.1093 0.1107
174 0.1091 0.1097
175 0.1081 0.1109
176 0.1083 0.1083
177 0.1080 0.1150
178 0.1114 0.1123
179 0.1100 0.1104
180 0.1095 0.1100
181 0.1083 0.1092
182 0.1085 0.1127
183 0.1091 0.1089
184 0.1079 0.1070
185 0.1072 0.1077
186 0.1074 0.1135
187 0.1099 0.1103
188 0.1082 0.1129
189 0.1097 0.1098
190 0.1077 0.1082
191 0.1063 0.1070
192 0.1074 0.1088
193 0.1071 0.1060
194 0.1067 0.1069
195 0.1058 0.1089
196 0.1065 0.1112
197 0.1062 0.1094
198 0.1066 0.1073
199 0.1051 0.1084
200 0.1090 0.1172
201 0.1124 0.1110
202 0.1104 0.1117
203 0.1098 0.1119
204 0.1101 0.1114
205 0.1096 0.1106
206 0.1090 0.1108
207 0.1086 0.1091
208 0.1075 0.1086
209 0.1058 0.1043
210 0.1065 0.1096
211 0.1050 0.1068
212 0.1101 0.1087
213 0.1083 0.1086
214 0.1073 0.1097
215 0.1064 0.1064
216 0.1063 0.1063
217 0.1058 0.1063
218 0.1060 0.1071
219 0.1060 0.1094
220 0.1060 0.1073
221 0.1046 0.1035
222 0.1035 0.1098
223 0.1059 0.1059
224 0.1043 0.1067
225 0.1068 0.1090
226 0.1076 0.1050
227 0.1056 0.1056
228 0.1050 0.1098
229 0.1058 0.1032
230 0.1056 0.1082
231 0.1058 0.1062
232 0.1049 0.1086
233 0.1048 0.1026
234 0.1025 0.1007
235 0.1034 0.1044
236 0.1035 0.1068
237 0.1050 0.1044
238 0.1046 0.1021
239 0.1023 0.1014
240 0.1013 0.1060
241 0.1023 0.1069
242 0.1022 0.1060
243 0.1020 0.1031
244 0.1014 0.1111
245 0.1013 0.1045
246 0.1014 0.1091
247 0.1027 0.1084
248 0.1019 0.1079
249 0.1011 0.1104
250 0.1037 0.1029
251 0.1028 0.1025
252 0.1018 0.1042
253 0.1023 0.1044
254 0.1009 0.1039
255 0.1010 0.1073
256 0.1001 0.1040
257 0.1001 0.1052
258 0.1021 0.1047
259 0.1010 0.1079
260 0.1024 0.1067
261 0.1015 0.1058
262 0.1013 0.1034
263 0.1023 0.1056
264 0.1014 0.1039
265 0.1009 0.1039
266 0.0999 0.1061
267 0.0996 0.1032
268 0.0990 0.1040
269 0.1022 0.1096
270 0.1005 0.1035
271 0.0996 0.1089
272 0.0998 0.1054
273 0.0995 0.1090
274 0.1009 0.1049
275 0.0988 0.1030
276 0.0992 0.1037
277 0.1002 0.1121
278 0.0996 0.1041
279 0.0999 0.1072
280 0.0982 0.1087
281 0.1045 0.1085
282 0.1010 0.1049
283 0.0989 0.1046
284 0.0987 0.1053
285 0.1003 0.1032
286 0.1023 0.1047
287 0.1028 0.1074
288 0.1018 0.1064
289 0.1017 0.1077
290 0.1007 0.1060
291 0.1039 0.1026
292 0.1005 0.1071
293 0.1007 0.1043
294 0.1000 0.1025
295 0.1005 0.1016
296 0.1006 0.1024
297 0.0993 0.1032
298 0.0989 0.1021
299 0.0987 0.1053
300 0.1000 0.1057
301 0.1001 0.1041
302 0.1003 0.1022
303 0.0988 0.1023
304 0.0987 0.1072
305 0.0983 0.1094
306 0.0996 0.1071
307 0.0996 0.1091
308 0.0985 0.1031
309 0.0994 0.1027
310 0.0987 0.1042
311 0.1002 0.1054
312 0.0996 0.1033
313 0.0996 0.1027
314 0.0980 0.1090
315 0.0986 0.1045
316 0.0978 0.1045
317 0.0980 0.1068
318 0.0991 0.1067
319 0.1008 0.1131
320 0.0992 0.1057
321 0.0992 0.1049
322 0.0977 0.1046
323 0.0976 0.1001
324 0.0981 0.1039
325 0.0991 0.1091
326 0.0994 0.1012
327 0.0990 0.1074
328 0.0983 0.1059
329 0.0977 0.1034
330 0.0979 0.1001
331 0.0985 0.1018
332 0.0985 0.1038
333 0.0994 0.1032
334 0.0993 0.1039
335 0.0982 0.1040
336 0.0979 0.1032
337 0.0969 0.1017
338 0.0973 0.1038
339 0.0976 0.1022
340 0.0973 0.1036
341 0.0975 0.1033
342 0.0974 0.1019
343 0.0987 0.1065
344 0.0982 0.1092
345 0.1036 0.1126
346 0.1058 0.1107
347 0.1053 0.1079
348 0.1039 0.1068
349 0.1051 0.1057
350 0.1048 0.1084
351 0.1039 0.1062
352 0.1038 0.1075
353 0.1026 0.1057
354 0.1027 0.1068
355 0.1030 0.1046
356 0.1069 0.1130
357 0.1120 0.1116
358 0.1097 0.1110
359 0.1085 0.1089
360 0.1082 0.1087
361 0.1070 0.1152
362 0.1075 0.1071
363 0.1046 0.1059
364 0.1108 0.1103
365 0.1081 0.1103
366 0.1066 0.1089
367 0.1055 0.1060
368 0.1037 0.1081
369 0.1042 0.1088
370 0.1050 0.1083
371 0.1053 0.1087
372 0.1084 0.1112
373 0.1073 0.1098
374 0.1056 0.1098
375 0.1042 0.1066
376 0.1033 0.1111
377 0.1034 0.1055
378 0.1036 0.1065
379 0.1040 0.1059
380 0.1034 0.1061
381 0.1013 0.1066
382 0.1031 0.1118
383 0.1049 0.1076
384 0.1020 0.1120
385 0.1018 0.1102
386 0.1013 0.1092
387 0.1032 0.1041
388 0.1095 0.1104
389 0.1068 0.1049
390 0.1045 0.1052
391 0.1037 0.1039
392 0.1018 0.1059
393 0.1019 0.1026
394 0.1019 0.1017
395 0.1040 0.1060
396 0.1013 0.1079
397 0.1003 0.1074
398 0.1022 0.1028
399 0.1040 0.1046
400 0.1017 0.1053
401 0.1010 0.1081
402 0.1002 0.1058
403 0.0997 0.1056
404 0.0997 0.1067
405 0.0998 0.1083
406 0.1000 0.1116
407 0.1010 0.1250
408 0.1076 0.1088
409 0.1086 0.1074
410 0.1080 0.1061
411 0.1045 0.1072
412 0.1030 0.1076
413 0.1017 0.1089
414 0.1015 0.1070
415 0.1028 0.1114
416 0.1046 0.1066
417 0.1024 0.1048
418 0.1018 0.1053
419 0.1008 0.1033
420 0.1026 0.1046
421 0.1012 0.1029
422 0.1013 0.1030
423 0.0996 0.1030
424 0.1061 0.1079
425 0.1067 0.1060
426 0.1036 0.1072
427 0.1022 0.1064
428 0.1016 0.1076
429 0.1023 0.1104
430 0.1019 0.1077
431 0.1014 0.1022
432 0.1004 0.1050
433 0.1023 0.1197
434 0.1065 0.1070
435 0.1026 0.1109
436 0.1012 0.1097
437 0.1013 0.1098
438 0.1014 0.1092
439 0.1009 0.1057
440 0.1004 0.1083
441 0.0989 0.1038
442 0.0990 0.1078
443 0.0988 0.1078
444 0.1003 0.1116
445 0.1045 0.1125
446 0.1057 0.1116
447 0.1045 0.1092
448 0.1049 0.1072
449 0.1032 0.1083
450 0.1060 0.1092
451 0.1048 0.1093
452 0.1041 0.1103
453 0.1043 0.1079
454 0.1022 0.1106
455 0.1028 0.1113
456 0.1025 0.1093
457 0.1016 0.1103
458 0.1022 0.1065
459 0.1030 0.1064
460 0.1026 0.1098
461 0.1036 0.1112
462 0.1052 0.1116
463 0.1031 0.1099
464 0.1025 0.1109
465 0.1020 0.1091
466 0.1041 0.1081
467 0.1021 0.1132
468 0.1017 0.1093
469 0.1012 0.1070
470 0.1004 0.1096
471 0.0996 0.1064
472 0.1020 0.1048
473 0.0999 0.1055
474 0.0989 0.1073
475 0.0995 0.1100
476 0.1005 0.1069
477 0.1000 0.1095
478 0.0993 0.1049
479 0.0988 0.1057
480 0.0994 0.1051
481 0.0992 0.1040
482 0.0985 0.1105
483 0.1026 0.1143
484 0.1093 0.1088
485 0.1047 0.1112
486 0.1059 0.1188
487 0.1087 0.1125
488 0.1066 0.1107
489 0.1057 0.1136
490 0.1056 0.1124
491 0.1046 0.1114
492 0.1040 0.1113
493 0.1042 0.1080
494 0.1034 0.1058
495 0.1061 0.1097
496 0.1018 0.1110
497 0.1007 0.1091
498 0.1020 0.1084
499 0.1008 0.1016
500 0.1047 0.1093
501 0.1018 0.1091
502 0.1000 0.1065
503 0.1002 0.1055
504 0.0992 0.1076
505 0.0988 0.1079
506 0.1005 0.1061
507 0.0987 0.1048
508 0.1030 0.1101
509 0.1043 0.1110
510 0.1033 0.1096
511 0.1023 0.1057
512 0.1021 0.1069
513 0.1018 0.1110
514 0.1017 0.1109
515 0.1018 0.1055
516 0.1013 0.1069
517 0.1010 0.1046
518 0.1012 0.1077
519 0.1002 0.1082
520 0.1001 0.1115
521 0.1056 0.1118
522 0.1039 0.1118
523 0.1030 0.1062
524 0.1010 0.1057
525 0.1004 0.1078
526 0.1011 0.1066
527 0.0997 0.1074
528 0.0987 0.1047
529 0.1001 0.1042
530 0.0992 0.1046
531 0.0997 0.1047
532 0.1009 0.1061
533 0.0987 0.1077
534 0.0984 0.1063
535 0.1005 0.1068
536 0.1029 0.1077
537 0.1014 0.1084
538 0.0996 0.1078
539 0.1013 0.1069
540 0.1016 0.1056
541 0.1021 0.1068
542 0.0998 0.1075
543 0.1003 0.1051
544 0.0994 0.1104
545 0.0997 0.1084
546 0.0998 0.1092
547 0.1000 0.1079
548 0.0989 0.1084
549 0.0982 0.1109
550 0.0997 0.1072
551 0.0996 0.1073
552 0.0987 0.1072
553 0.0996 0.1052
554 0.1008 0.1070
555 0.1001 0.1099
556 0.0982 0.1036
557 0.0970 0.1044
558 0.0980 0.1049
559 0.0980 0.1066
560 0.1016 0.1020
561 0.1024 0.1030
562 0.1001 0.1027
563 0.1017 0.1019
564 0.1010 0.1062
565 0.1000 0.1041
566 0.0982 0.1044
567 0.0981 0.1035
568 0.0983 0.1040
569 0.0987 0.1030
570 0.0989 0.1063
571 0.0989 0.1081
572 0.0980 0.1040
573 0.0973 0.1040
574 0.0982 0.1030
575 0.1011 0.1110
576 0.0988 0.1106
577 0.0980 0.1078
578 0.0981 0.1058
579 0.0969 0.1024
580 0.0968 0.1021
581 0.0976 0.1057
582 0.0974 0.1030
583 0.0966 0.1049
584 0.0969 0.1031
585 0.0966 0.1050
586 0.0959 0.1042
587 0.0969 0.1031
588 0.0963 0.1034
589 0.0967 0.1101
590 0.0973 0.1066
591 0.0970 0.1077
592 0.0978 0.1063
593 0.0967 0.1099
594 0.0981 0.1085
595 0.0976 0.1088
596 0.0973 0.1108
597 0.0981 0.1064
598 0.0967 0.1065
599 0.0972 0.1050
600 0.0978 0.1019
601 0.0973 0.1026
602 0.0976 0.1052
603 0.0980 0.1044
604 0.0971 0.1091
605 0.0981 0.1068
606 0.0983 0.1072
607 0.0975 0.1080
608 0.0960 0.1045
609 0.0967 0.1088
610 0.0971 0.1073
611 0.0965 0.1075
612 0.0969 0.1043
613 0.0965 0.1040
614 0.0968 0.1084
615 0.0961 0.1078
616 0.0967 0.1052
617 0.0969 0.1070
618 0.0978 0.1078
619 0.0970 0.1066
620 0.0964 0.1120
621 0.0962 0.1071
622 0.0962 0.1062
623 0.0957 0.1051
624 0.0959 0.1113
625 0.0974 0.1081
626 0.0960 0.1091
627 0.0970 0.1076
628 0.0970 0.1086
629 0.0954 0.1106
630 0.0972 0.1088
631 0.0968 0.1061
632 0.0965 0.1087
633 0.0980 0.1065
634 0.0980 0.1032
635 0.0960 0.1073
636 0.0979 0.1063
637 0.0966 0.1065
638 0.0966 0.1056
639 0.0973 0.1086
640 0.0961 0.1094
641 0.0968 0.1087
642 0.0963 0.1058
643 0.1015 0.1045
644 0.1033 0.1033
645 0.1015 0.1046
646 0.0989 0.1052
647 0.1022 0.1068
648 0.1018 0.1021
649 0.0983 0.1025
650 0.0969 0.1042
651 0.0962 0.1063
652 0.0999 0.1090
653 0.1026 0.1065
654 0.1004 0.1039
655 0.1005 0.1074
656 0.0997 0.1060
657 0.0983 0.1077
658 0.0997 0.1066
659 0.0984 0.1068
660 0.0968 0.1068
661 0.0990 0.1046
662 0.0983 0.1046
663 0.0959 0.1112
664 0.1002 0.1034
665 0.0998 0.1026
666 0.0990 0.1035
667 0.0986 0.1065
668 0.0977 0.1023
669 0.0994 0.1019
670 0.0987 0.1074
671 0.0985 0.1117
672 0.0995 0.1087
673 0.0983 0.1071
674 0.0983 0.1117
675 0.0991 0.1076
676 0.0992 0.1083
677 0.0978 0.1058
678 0.0962 0.1079
679 0.1009 0.1049
680 0.1028 0.1042
681 0.1026 0.1046
682 0.0999 0.1025
683 0.0993 0.1038
684 0.0980 0.1066
685 0.0981 0.1051
686 0.0970 0.1062
687 0.0973 0.1044
688 0.0963 0.1046
689 0.0968 0.1080
690 0.0964 0.1073
691 0.0961 0.1072
692 0.0964 0.1069
693 0.0958 0.1053
694 0.0966 0.1072
695 0.0961 0.1062
696 0.1020 0.1055
697 0.1027 0.1068
698 0.1004 0.1072
699 0.0999 0.1072
700 0.1003 0.1043
701 0.1001 0.1047
702 0.0985 0.1073
703 0.0975 0.1051
704 0.0973 0.1081
705 0.0978 0.1059
706 0.0981 0.1095
707 0.0975 0.1103
708 0.0963 0.1123
709 0.0971 0.1087
710 0.0968 0.1062
711 0.0978 0.1016
712 0.0978 0.1028
713 0.0963 0.1068
714 0.0958 0.1096
715 0.0978 0.1061
716 0.0977 0.1056
717 0.0978 0.1089
718 0.0971 0.1117
719 0.0958 0.1124
720 0.0972 0.1101
721 0.0991 0.1096
722 0.1040 0.1076
723 0.1017 0.1084
724 0.1001 0.1123
725 0.0997 0.1100
726 0.0982 0.1105
727 0.0991 0.1046
728 0.0969 0.1070
729 0.1001 0.1085
730 0.1080 0.1095
731 0.1016 0.1095
732 0.0993 0.1066
733 0.0978 0.1070
734 0.0977 0.1078
735 0.0973 0.1080
736 0.0987 0.1054
737 0.0980 0.1082
738 0.0979 0.1057
739 0.0973 0.1084
740 0.0964 0.1099
741 0.0977 0.1030
742 0.0974 0.1074
743 0.0964 0.1082
744 0.0969 0.1060
745 0.0963 0.1088
746 0.0963 0.1070
747 0.0973 0.1070
748 0.0958 0.1098
749 0.0958 0.1086
750 0.0958 0.1081
751 0.0966 0.1088
752 0.0971 0.1069
753 0.0962 0.1062
754 0.0962 0.1066
755 0.0962 0.1078
756 0.0944 0.1100
757 0.0945 0.1080
758 0.0991 0.1091
759 0.1022 0.1089
760 0.0993 0.1034
761 0.1006 0.1057
762 0.0985 0.1106
763 0.0973 0.1108
764 0.1005 0.1111
765 0.0991 0.1171
766 0.1050 0.1067
767 0.1010 0.1091
768 0.0978 0.1093
769 0.0984 0.1073
770 0.0965 0.1073
771 0.0972 0.1081
772 0.0978 0.1071
773 0.0994 0.1067
774 0.0997 0.1084
775 0.0987 0.1045
776 0.0963 0.1065
777 0.0968 0.1061
778 0.0973 0.1034
779 0.0965 0.1050
780 0.0968 0.1064
781 0.0977 0.1075
782 0.0977 0.1112
783 0.0990 0.1041
784 0.1002 0.1035
785 0.0975 0.1048
786 0.0985 0.1065
787 0.0966 0.1043
788 0.0967 0.1077
789 0.0970 0.1113
790 0.0985 0.1008
791 0.1020 0.1037
792 0.0999 0.1039
793 0.0980 0.1063
794 0.0979 0.1066
795 0.0982 0.1099
796 0.0985 0.1079
797 0.0976 0.1054
798 0.0970 0.1071
799 0.0978 0.1052
800 0.0956 0.1037
801 0.0983 0.1021
802 0.1010 0.1036
803 0.0981 0.1070
804 0.0970 0.1050
805 0.0985 0.1074
806 0.0996 0.1049
807 0.0979 0.1075
808 0.0970 0.1055
809 0.0953 0.1084
810 0.0963 0.1059
811 0.0957 0.1101
812 0.0967 0.1061
813 0.0958 0.1072
814 0.0966 0.1050
815 0.0961 0.1027
816 0.0959 0.1090
817 0.0960 0.1084
818 0.1038 0.1159
819 0.1056 0.1050
820 0.1022 0.1059
821 0.1012 0.1138
822 0.1043 0.1065
823 0.1015 0.1064
824 0.0997 0.1084
825 0.0993 0.1088
826 0.0990 0.1113
827 0.0992 0.1097
828 0.0987 0.1090
829 0.0993 0.1097
830 0.1041 0.1098
831 0.1046 0.1105
832 0.1017 0.1110
833 0.0996 0.1070
834 0.0999 0.1082
835 0.0987 0.1070
836 0.0978 0.1067
837 0.0995 0.1037
838 0.1024 0.1076
839 0.0997 0.1066
840 0.0984 0.1084
841 0.0981 0.1062
842 0.0985 0.1073
843 0.0985 0.1063
844 0.0973 0.1109
845 0.0961 0.1107
846 0.0970 0.1080
847 0.0962 0.1050
848 0.1128 0.1135
849 0.1106 0.1136
850 0.1105 0.1123
851 0.1101 0.1118
852 0.1097 0.1122
853 0.1097 0.1120
854 0.1099 0.1118
855 0.1096 0.1125
856 0.1094 0.1125
857 0.1096 0.1121
858 0.1096 0.1127
859 0.1090 0.1127
860 0.1089 0.1127
861 0.1090 0.1119
862 0.1093 0.1135
863 0.1092 0.1123
864 0.1094 0.1117
865 0.1091 0.1127
866 0.1089 0.1114
867 0.1092 0.1117
868 0.1092 0.1122
869 0.1088 0.1121
870 0.1090 0.1112
871 0.1092 0.1118
872 0.1088 0.1118
873 0.1089 0.1137
874 0.1088 0.1154
875 0.1084 0.1146
876 0.1086 0.1139
877 0.1086 0.1145
878 0.1088 0.1134
879 0.1087 0.1135
880 0.1087 0.1143
881 0.1090 0.1123
882 0.1085 0.1135
883 0.1086 0.1121
884 0.1089 0.1133
885 0.1088 0.1117
886 0.1089 0.1119
887 0.1082 0.1121
888 0.1085 0.1110
889 0.1093 0.1125
890 0.1098 0.1118
891 0.1091 0.1114
892 0.1092 0.1122
893 0.1092 0.1111
894 0.1089 0.1116
895 0.1091 0.1112
896 0.1089 0.1111
897 0.1094 0.1113
898 0.1094 0.1118
899 0.1086 0.1117
900 0.1090 0.1110
901 0.1083 0.1110
902 0.1085 0.1111
903 0.1089 0.1117
904 0.1088 0.1114
905 0.1091 0.1110
906 0.1089 0.1111
907 0.1086 0.1114
908 0.1087 0.1108
909 0.1084 0.1110
910 0.1083 0.1111
911 0.1082 0.1108
912 0.1082 0.1116
913 0.1086 0.1111
914 0.1080 0.1111
915 0.1080 0.1103
916 0.1087 0.1107
917 0.1080 0.1106
918 0.1081 0.1110
919 0.1081 0.1112
920 0.1081 0.1101
921 0.1076 0.1106
922 0.1077 0.1101
923 0.1077 0.1097
924 0.1071 0.1088
925 0.1067 0.1089
926 0.1075 0.1093
927 0.1046 0.1068
928 0.1043 0.1085
929 0.1022 0.1065
930 0.1002 0.1110
931 0.0984 0.1060
932 0.1035 0.1053
933 0.1071 0.1088
934 0.1102 0.1114
935 0.1099 0.1116
936 0.1097 0.1111
937 0.1095 0.1110
938 0.1091 0.1117
939 0.1091 0.1112
940 0.1089 0.1109
941 0.1085 0.1105
942 0.1085 0.1098
943 0.1083 0.1102
944 0.1070 0.1093
945 0.1055 0.1077
946 0.1049 0.1097
947 0.1014 0.1097
948 0.1014 0.1061
949 0.1017 0.1061
950 0.1013 0.1120
951 0.1023 0.1095
952 0.1032 0.1035
953 0.1058 0.1076
954 0.1029 0.1040
955 0.1068 0.1096
956 0.1047 0.1069
957 0.1024 0.1062
958 0.0998 0.1066
959 0.0998 0.1059
960 0.1006 0.1075
961 0.1006 0.1071
962 0.1019 0.1042
963 0.1008 0.1032
964 0.1013 0.1073
965 0.0999 0.1066
966 0.1031 0.1117
967 0.1044 0.1103
968 0.1047 0.1108
969 0.1087 0.1142
970 0.1122 0.1137
971 0.1113 0.1131
972 0.1099 0.1153
973 0.1094 0.1141
974 0.1082 0.1144
975 0.1099 0.1137
976 0.1081 0.1154
977 0.1065 0.1105
978 0.1068 0.1145
979 0.1076 0.1134
980 0.1066 0.1115
981 0.1051 0.1100
982 0.1143 0.1130
983 0.1097 0.1127
984 0.1086 0.1119
985 0.1078 0.1132
986 0.1079 0.1108
987 0.1076 0.1105
988 0.1073 0.1092
989 0.1064 0.1099
990 0.1072 0.1092
991 0.1062 0.1092
992 0.1059 0.1101
993 0.1055 0.1084
994 0.1044 0.1090
995 0.1039 0.1069
996 0.1038 0.1068
997 0.1041 0.1085
998 0.1038 0.1101
999 0.1057 0.1078
1000 0.1045 0.1067
1001 0.1048 0.1082
1002 0.1037 0.1075
1003 0.1049 0.1092
1004 0.1041 0.1049
1005 0.1038 0.1061
1006 0.1028 0.1064
1007 0.1021 0.1053
1008 0.1023 0.1061
1009 0.1024 0.1058
1010 0.1013 0.1071
1011 0.1013 0.1093
1012 0.1015 0.1078
1013 0.1008 0.1051
1014 0.1012 0.1035
1015 0.1007 0.1043
1016 0.1010 0.1045
1017 0.1016 0.1042
1018 0.1030 0.1030
1019 0.1022 0.1045
1020 0.0997 0.1070
1021 0.1009 0.1068
1022 0.0992 0.1132
1023 0.1009 0.1063
1024 0.1002 0.1074
1025 0.1005 0.1091
1026 0.1003 0.1079
1027 0.0990 0.1095
1028 0.0994 0.1080
1029 0.0992 0.1085
1030 0.0985 0.1104
1031 0.0993 0.1082
1032 0.0996 0.1033
1033 0.1002 0.1066
1034 0.0993 0.1207
1035 0.1023 0.1065
1036 0.1054 0.1154
1037 0.1042 0.1084
1038 0.1021 0.1085
1039 0.0998 0.1099
1040 0.1012 0.1056
1041 0.1003 0.1079
1042 0.0993 0.1057
1043 0.1002 0.1060
1044 0.1003 0.1057
1045 0.1010 0.1072
1046 0.0989 0.1033
1047 0.0998 0.1066
1048 0.1025 0.1041
1049 0.1012 0.1050
1050 0.1002 0.1099
1051 0.0989 0.1096
1052 0.1000 0.1123
1053 0.1060 0.1119
1054 0.1091 0.1132
1055 0.1057 0.1089
1056 0.1039 0.1061
1057 0.1065 0.1110
1058 0.1082 0.1111
1059 0.1066 0.1101
1060 0.1057 0.1105
1061 0.1049 0.1079
1062 0.1157 0.1135
1063 0.1117 0.1125
1064 0.1110 0.1123
1065 0.1105 0.1121
1066 0.1103 0.1119
1067 0.1098 0.1117
1068 0.1095 0.1127
1069 0.1098 0.1119
1070 0.1098 0.1121
1071 0.1095 0.1119
1072 0.1096 0.1117
1073 0.1093 0.1121
1074 0.1093 0.1121
1075 0.1093 0.1118
1076 0.1092 0.1119
1077 0.1094 0.1115
1078 0.1096 0.1115
1079 0.1095 0.1121
1080 0.1095 0.1121
1081 0.1094 0.1119
1082 0.1091 0.1115
1083 0.1090 0.1117
1084 0.1087 0.1114
1085 0.1088 0.1109
1086 0.1092 0.1116
1087 0.1096 0.1116
1088 0.1096 0.1119
1089 0.1090 0.1109
1090 0.1094 0.1113
1091 0.1091 0.1108
1092 0.1091 0.1114
1093 0.1091 0.1116
1094 0.1089 0.1115
1095 0.1087 0.1107
1096 0.1090 0.1111
1097 0.1093 0.1112
1098 0.1090 0.1113
1099 0.1091 0.1108
1100 0.1088 0.1106
1101 0.1089 0.1106
1102 0.1089 0.1102
1103 0.1098 0.1117
1104 0.1094 0.1109
1105 0.1093 0.1115
1106 0.1093 0.1111
1107 0.1090 0.1111
1108 0.1091 0.1108
1109 0.1087 0.1103
1110 0.1089 0.1104
1111 0.1090 0.1104
1112 0.1089 0.1105
1113 0.1088 0.1102
1114 0.1087 0.1105
1115 0.1087 0.1111
1116 0.1086 0.1105
1117 0.1088 0.1101
1118 0.1084 0.1097
1119 0.1083 0.1108
1120 0.1087 0.1114
1121 0.1092 0.1112
1122 0.1089 0.1109
1123 0.1086 0.1103
1124 0.1086 0.1105
1125 0.1084 0.1110
1126 0.1086 0.1102
1127 0.1084 0.1102
1128 0.1083 0.1106
1129 0.1082 0.1104
1130 0.1084 0.1109
1131 0.1088 0.1106
1132 0.1081 0.1093
1133 0.1067 0.1082
1134 0.1054 0.1106
1135 0.1084 0.1125
1136 0.1096 0.1110
1137 0.1104 0.1121
1138 0.1096 0.1119
1139 0.1095 0.1127
1140 0.1106 0.1117
1141 0.1102 0.1116
1142 0.1097 0.1110
1143 0.1089 0.1115
1144 0.1087 0.1107
1145 0.1086 0.1104
1146 0.1088 0.1097
1147 0.1079 0.1103
1148 0.1074 0.1100
1149 0.1065 0.1074
1150 0.1067 0.1077
1151 0.1059 0.1076
1152 0.1054 0.1081
1153 0.1051 0.1072
1154 0.1049 0.1094
1155 0.1038 0.1060
1156 0.1044 0.1059
1157 0.1067 0.1083
1158 0.1052 0.1091
1159 0.1044 0.1110
1160 0.1065 0.1116
1161 0.1063 0.1084
1162 0.1040 0.1083
1163 0.1058 0.1091
1164 0.1058 0.1065
1165 0.1147 0.1133
1166 0.1121 0.1131
1167 0.1111 0.1120
1168 0.1112 0.1123
1169 0.1107 0.1116
1170 0.1108 0.1122
1171 0.1104 0.1117
1172 0.1099 0.1118
1173 0.1098 0.1119
1174 0.1095 0.1113
1175 0.1095 0.1131
1176 0.1097 0.1116
1177 0.1092 0.1118
1178 0.1095 0.1123
1179 0.1096 0.1122
1180 0.1091 0.1131
1181 0.1117 0.1132
1182 0.1107 0.1125
1183 0.1099 0.1126
1184 0.1097 0.1117
1185 0.1091 0.1120
1186 0.1096 0.1122
1187 0.1093 0.1121
1188 0.1097 0.1117
1189 0.1094 0.1119
1190 0.1090 0.1123
1191 0.1094 0.1121
1192 0.1088 0.1124
1193 0.1092 0.1124
1194 0.1089 0.1118
1195 0.1089 0.1117
1196 0.1094 0.1123
1197 0.1096 0.1127
1198 0.1093 0.1121
1199 0.1091 0.1120
1200 0.1093 0.1122
1201 0.1092 0.1117
1202 0.1089 0.1118
1203 0.1089 0.1121
1204 0.1086 0.1121
1205 0.1094 0.1112
1206 0.1093 0.1110
1207 0.1094 0.1143
1208 0.1103 0.1119
1209 0.1091 0.1124
1210 0.1090 0.1125
1211 0.1088 0.1128
1212 0.1085 0.1121
1213 0.1085 0.1122
1214 0.1085 0.1123
1215 0.1086 0.1119
1216 0.1092 0.1129
1217 0.1086 0.1144
1218 0.1086 0.1118
1219 0.1088 0.1121
1220 0.1092 0.1116
1221 0.1086 0.1122
1222 0.1082 0.1115
1223 0.1083 0.1118
1224 0.1086 0.1128
1225 0.1082 0.1120
1226 0.1080 0.1124
1227 0.1084 0.1128
1228 0.1085 0.1124
1229 0.1086 0.1126
1230 0.1087 0.1140
1231 0.1081 0.1128
1232 0.1081 0.1117
1233 0.1083 0.1116
1234 0.1079 0.1122
1235 0.1078 0.1126
1236 0.1081 0.1111
1237 0.1083 0.1114
1238 0.1084 0.1118
1239 0.1085 0.1115
1240 0.1079 0.1104
1241 0.1079 0.1115
1242 0.1081 0.1114
1243 0.1081 0.1111
1244 0.1080 0.1111
1245 0.1082 0.1115
1246 0.1082 0.1119
1247 0.1086 0.1115
1248 0.1079 0.1117
1249 0.1079 0.1122
1250 0.1084 0.1108
1251 0.1088 0.1126
1252 0.1092 0.1119
1253 0.1086 0.1104
1254 0.1081 0.1107
1255 0.1079 0.1106
1256 0.1080 0.1100
1257 0.1083 0.1105
1258 0.1078 0.1119
1259 0.1081 0.1108
1260 0.1077 0.1120
1261 0.1077 0.1122
1262 0.1084 0.1112
1263 0.1083 0.1118
1264 0.1077 0.1111
1265 0.1076 0.1110
1266 0.1076 0.1105
1267 0.1084 0.1114
1268 0.1083 0.1111
1269 0.1076 0.1100
1270 0.1075 0.1097
1271 0.1074 0.1106
1272 0.1065 0.1108
1273 0.1065 0.1102
1274 0.1073 0.1086
1275 0.1060 0.1103
1276 0.1063 0.1087
1277 0.1061 0.1070
1278 0.1065 0.1087
1279 0.1065 0.1074
1280 0.1064 0.1102
1281 0.1081 0.1088
1282 0.1199 0.1141
1283 0.1135 0.1118
1284 0.1124 0.1113
1285 0.1106 0.1112
1286 0.1094 0.1119
1287 0.1091 0.1111
1288 0.1089 0.1123
1289 0.1086 0.1129
1290 0.1089 0.1126
1291 0.1087 0.1115
1292 0.1084 0.1114
1293 0.1079 0.1112
1294 0.1079 0.1113
1295 0.1062 0.1106
1296 0.1062 0.1092
1297 0.1070 0.1084
1298 0.1077 0.1079
1299 0.1074 0.1073
1300 0.1073 0.1087
1301 0.1069 0.1086
1302 0.1071 0.1079
1303 0.1062 0.1103
1304 0.1071 0.1097
1305 0.1056 0.1088
1306 0.1060 0.1081
1307 0.1089 0.1111
1308 0.1095 0.1093
1309 0.1072 0.1095
1310 0.1063 0.1077
1311 0.1080 0.1085
1312 0.1069 0.1095
1313 0.1058 0.1094
1314 0.1042 0.1088
1315 0.1045 0.1070
1316 0.1042 0.1081
1317 0.1064 0.1126
1318 0.1075 0.1115
1319 0.1099 0.1107
1320 0.1089 0.1105
1321 0.1086 0.1107
1322 0.1077 0.1106
1323 0.1068 0.1109
1324 0.1069 0.1111
1325 0.1070 0.1107
1326 0.1064 0.1094
1327 0.1063 0.1117
1328 0.1084 0.1106
1329 0.1078 0.1126
1330 0.1085 0.1115
